	mean_MC_30	mean_BC_30	mean_APT_30	mean_AT_30	mean_PT_30	mean_PP_30	Var.test	Oneway.test	Kruskal.test
Sample_s14c.bin_6	0.004008525	0.032515826	0.04082894	0.232034228	0.127817168	0.089530656	1.21493E-22	0.012184002	0.198301028
Sample_s18B.bin_12	0.689778574	0.180151713	0	0	0.599258444	0.96259561	0	NA	8.13249E-08
Sample_s18B.bin_18	0.034854561	0.032014943	0	0.005937953	0.002979336	0.041370451	0	NA	0.1782315
Sample_s19B.bin_2	0.164140064	0.11862517	0	0	0.059726908	0.071101848	0	NA	0.001836363
Sample_s21B.bin_12	0.063765172	0.100798547	0.059547049	0	0.076780457	0.074893126	0	NA	0.161673406
Sample_s22c.bin_17	0.025522715	0.008654851	0	0	0.289591787	0.070044964	0	NA	0.101315898
Sample_s28c.bin_12	0.018004495	0	0	0.081790818	0.008103365	0.02318863	0	NA	0.211793034
Sample_s30c.bin_3	0	0	1.953258734	0.392169124	0	0.0452684	0	NA	1.11668E-05
Sample_s31c.bin_3	0.414844734	0.193164742	1.093916857	0.582250283	0.235187107	0.152916103	1.08385E-18	0.052459962	0.023795024
Sample_s34c.bin_12	0.121706696	0.088789265	0.29157383	0.435478126	0.02125083	0.022734973	1.30131E-33	0.04240845	0.018083793
Sample_s37c.bin_10	0.051890207	0.059425357	0.40337564	0.25084405	0.038803557	0.046161083	3.52258E-24	0.790755289	0.036616537
Sample_s37c.bin_7	0.220485555	0.129778106	1.0920612	0.52106979	0.189051358	0.120466374	7.85949E-13	7.5053E-05	0.000617946
Sample_s39B.bin_10	0.002827453	0.065493883	0	0	0.071739378	0.045944265	0	NA	0.050706754
Sample_s39B.bin_20	0.00411065	0.054757673	0	0.072959485	0.092204148	0.314541968	0	NA	0.039037141
Sample_s39c.bin_17	0.102055202	0.053073349	0.173121631	0.104454072	0.103313429	0.062815715	1.6687E-24	5.83194E-08	4.23087E-09
Sample_s42c.bin_4	0.080364184	0.073857903	0.475808417	0.467935483	0.046341776	0.016800714	0	NA	9.43262E-08
Sample_s48c.bin_4	0.23288856	0.165820172	1.038283517	0.44398762	0.146970028	0.176883484	8.74848E-23	0.133362291	0.202209456
Sample_s48c.bin_8	0	0	0.31547208	0.092433072	0.005284571	0.028355149	0	NA	0.00059712
Sample_s53c.bin_19	0.136564221	0.799731998	0	0	0.063100328	0.06632567	0	NA	0.005552731
Sample_s54c.bin_20	0.026587621	0.04608468	0	0	0.00988619	0.004329769	0	NA	0.070563949
Sample_s56B.bin_18	0	0.02835083	0	0	0.031499132	0	0	NA	0.004176918
Sample_s57B.bin_15	0.089760744	0.165087007	0	0.02873737	0.046813539	0.004282668	0	NA	0.000347861
Sample_s58c.bin_2	0.233419998	0.43356518	0	0.004095864	0.45372291	0.280365386	0	NA	2.67534E-06
Sample_s64B.bin_23	0.163063061	0.094726302	0.346987234	0	0.030255294	0.027612403	0	NA	0.48454011
Sample_s64c.bin_17	0.287165622	0.64547531	0	0	0.45698891	0.215394386	0	NA	0.002418875
Sample_s10B.bin_11	0.017126845	0	0	0	0	0.00506146	0	NA	0.528773153
Sample_s10B.bin_17	0.003515146	0	0.150439313	0.112273953	0	0	0	NA	0.000240504
Sample_s10B.bin_19	0.01876735	0.006727251	0.012842802	0	0.006883101	0.016144056	0	NA	0.092690507
Sample_s10c.bin_14	0.622545422	1.484454138	0	0	2.112134611	2.245624146	0	NA	0.070150076
Sample_s11B.bin_6	0.11758985	0.171426106	0	0.067870041	0.106494726	0.153072902	0	NA	0.245656677
Sample_s11c.bin_11	0	0	0	0	0	0.061168825	0	NA	0.232639075
Sample_s11c.bin_26	0	0.002028002	0	0	0.007067875	0.052374281	0	NA	0.26790637
Sample_s11c.bin_8	0	0.050583504	0	0	0	0.152180686	0	NA	0.176504418
Sample_s11c.bin_9	0.142635159	0.148103536	0.246499358	0.206020002	0.062168777	0.245695124	2.44659E-18	0.002296966	0.01803357
Sample_s14B.bin_24	0	0	0	0	0	0	0	NA	0.424838477
Sample_s14B.bin_27	0.027822783	0.007573718	0	0	0	0.0068146	0	NA	0.122563423
Sample_s14B.bin_28	0	0	0	0	0	0.059806425	0	NA	0.00375067
Sample_s14B.bin_6	0.145740036	0.214050897	0.573251053	0.365016797	0.140165091	0.284692138	3.19059E-06	0.080362752	0.086506559
Sample_s14c.bin_16	0.09957376	0.021657819	0	0	0.069716508	0.130066648	0	NA	0.132218064
Sample_s14c.bin_17	0.014071625	0.005648131	0	0	0.085797039	0.045078056	0	NA	0.322491349
Sample_s14c.bin_18	0.014706276	0.007689167	0	0	0.276910432	0.042712925	0	NA	0.002779937
Sample_s14c.bin_1	0.367283699	0.458962802	0	0.031581711	0.802668752	1.259002029	0	NA	3.36272E-07
Sample_s14c.bin_20	0.084721676	0.147427013	0	0	0.25785448	0.078269281	0	NA	0.067287351
Sample_s15B.bin_6	0.225131633	0.063422731	0	0	0.237563571	0.327910645	0	NA	2.45307E-05
Sample_s15c.bin_16	0	0.012219408	0.017018363	0.032614859	0.051777497	0.040116521	0	NA	0.493814036
Sample_s15c.bin_17	0.15519637	0.05246329	0	0	0.161531176	0.078021801	0	NA	4.01125E-05
Sample_s15c.bin_19	0.110087925	0.063421737	0.110747347	0.0456672	0.13447595	0.115475697	1.78704E-08	0.267249757	0.491606997
Sample_s15c.bin_1	0.077104982	0.078385695	0	0	0.20703101	0.129087589	0	NA	0.001389906
Sample_s15c.bin_20	0.072038581	0.043811752	0	0	0.065760349	0.030620738	0	NA	0.159912143
Sample_s15c.bin_26	0.047622591	0.024828949	0	0	0.072676479	0.04053901	0	NA	0.011774488
Sample_s15c.bin_27	0.002446815	0	0	0	0.355345911	0	0	NA	0.62233189
Sample_s15c.bin_29	0.147167048	0.103033776	0	0.012678734	0.163719959	0.146167846	0	NA	6.23358E-05
Sample_s15c.bin_31	0	0	0	0	0.056576667	0	0	NA	0.424838477
Sample_s15c.bin_4	1.22111412	0.613633003	2.955910643	1.88252554	1.330386851	1.039946766	1.97329E-05	2.75167E-06	4.39495E-05
Sample_s15c.bin_6	0	0	0	0	0.049119674	0	0	NA	0.424838477
Sample_s15c.bin_9	0.011911387	0.076860026	0	0	0.105326168	0.050837885	0	NA	0.288629432
Sample_s16c.bin_11	0.116626738	0.587192816	0	0.020346597	0.210296883	0.166573414	0	NA	0.002038115
Sample_s18B.bin_14	0.326728507	0.2989517	1.065191643	0.472401783	0.248835168	0.526019976	8.05892E-23	0.069093357	0.002420329
Sample_s18B.bin_1	0	0.003317388	0.036431517	0	0.004588114	0.013696586	0	NA	3.30543E-12
Sample_s18B.bin_9	0.112263844	0.095432006	0	0	0.115516498	0.069234642	0	NA	6.14723E-05
Sample_s18c.bin_13	0.063004491	0.030654719	0.065284296	0.02379895	0.078064164	0.033998361	0	NA	0.001623433
Sample_s18c.bin_19	0.695882381	0.680878875	0.158206326	0.055293557	0.728704291	0.633987566	0.000159065	1.14372E-08	5.78504E-05
Sample_s18c.bin_20	0.11762496	0.017472275	0	0	0.135084707	0.003622322	0	NA	0.373030479
Sample_s18c.bin_3	0.181379744	0.328397633	0.0784021	0.095737409	0.39109104	0.414813989	1.87701E-09	0.108863421	0.005432136
Sample_s18c.bin_5	0.485194937	0.302978472	0	0	0.448046527	0.29019991	0	NA	3.76959E-12
Sample_s19c.bin_14	0.378131233	0.546267534	0	0	0.536470866	0.425925591	0	NA	0.226106881
Sample_s19c.bin_18	0	0	0	0	0.1848132	0	0	NA	0.62233189
Sample_s21B.bin_13	0.005072535	0	0	0	0.013230471	0	0	NA	0.055226424
Sample_s21B.bin_4	1.565473462	1.404884021	0	0	1.469748769	1.474611961	0	NA	2.3276E-08
Sample_s21c.bin_15	0.03123662	0.011647075	0	0	0.046415076	0.024085071	0	NA	0.541848786
Sample_s21c.bin_17	0.07105927	0.057197277	0	0	0.10160504	0.020267988	0	NA	0.017037605
Sample_s21c.bin_18	0.013252462	0	0	0	0.098367673	0.022415453	0	NA	0.048080967
Sample_s21c.bin_20	0	0	0	0	0.100703487	0.06402415	0	NA	0.137483033
Sample_s21c.bin_3	0.360785156	0.318782572	0.071941494	0.081904703	0.325760593	0.320866735	0.021674235	0.080214015	0.005633873
Sample_s22B.bin_10	0.083446438	0.008938381	0.080129097	0.022161543	0.046318861	0.098008521	0	NA	0.486986313
Sample_s22B.bin_19	0.091205201	0.087624704	0.057113943	0.055550613	0.073375772	0.047432884	1.28468E-24	0.514730514	0.402565711
Sample_s22B.bin_23	0.014978937	0.031882186	0	0	0.017391158	0.03422007	0	NA	0.109429813
Sample_s22B.bin_24	0	0	0.022261796	0	0	0	0	NA	0.01707997
Sample_s22B.bin_4	0.078965484	0.016286422	0	0	0.076823695	0.069497668	0	NA	0.078639575
Sample_s22B.bin_5	0	0	0	0	0	0	0	NA	0.479026804
Sample_s22c.bin_14	0.317234576	0.184818654	0.036660089	0.423205946	0.239237875	0.240256079	3.1614E-24	0.005594344	0.000457931
Sample_s22c.bin_16	0.24312149	0.240398543	0.015909488	0.026485461	0.296199473	0.190312026	7.95537E-07	1.06728E-07	0.000100004
Sample_s22c.bin_24	0.009655428	0.023933356	0.062023686	0.00842887	0.071546105	0.062343618	5.90748E-19	0.409959685	0.547257322
Sample_s22c.bin_28	0.029413671	0.007359081	0.092985566	0	0.244964055	0.061131645	0	NA	0.557657907
Sample_s22c.bin_31	0	0	0	0	0.099651133	0	0	NA	0.424838477
Sample_s22c.bin_36	0.270193909	0.290094167	0	0	0.490911562	0.369308476	0	NA	0.000430977
Sample_s22c.bin_3	3.158278927	0.218258119	2.859191231	2.21681253	1.146057267	1.851861862	3.91779E-21	0.244964548	0.332149348
Sample_s22c.bin_7	0.19599186	0.19147144	0	0.006229732	0.276834398	0.1792521	0	NA	0.336442514
Sample_s24B.bin_11	0.109680012	0.663608561	0.762012367	0.081252037	0.097129443	0.172123543	6.13156E-42	0.333018585	0.535686608
Sample_s24B.bin_14	0.007434677	0.01128592	0	0	0.016085069	0.041557909	0	NA	0.003858052
Sample_s24B.bin_4	0.02813709	0.009457862	0	0	0.024506903	0	0	NA	0.728740536
Sample_s24c.bin_9	1.377235117	1.741451493	0.187461606	0.168419198	1.168346042	1.195354584	0.000942846	7.73039E-05	0.000417579
Sample_s28B.bin_4	0	0.003723785	0.123877203	0	0	0	0	NA	0.23645388
Sample_s28B.bin_5	0.055355079	0.06701492	0.036618465	0.008057953	0.037058611	0.092000223	2.08603E-28	0.001530726	0.002539802
Sample_s28B.bin_6	0.060851009	0.067535001	0	0	0.079097306	0.198969204	0	NA	4.16621E-05
Sample_s28B.bin_7	0	0	0	0	0	0	0	NA	0.424838477
Sample_s28c.bin_6	0.019141583	0.015601524	0.26844472	0.321804869	0.02213451	0.023543754	3.25242E-47	0.172495725	0.031383691
Sample_s29c.bin_2	0.23481506	0.143912744	0.652020474	1.061854265	0.20921152	0.196678886	7.28869E-26	0.01435907	0.00039597
Sample_s29c.bin_8	0.181170507	0.137105076	1.856907977	1.022209504	0.107340104	0.130698761	1.14449E-54	0.004183641	1.54116E-05
Sample_s2B.bin_6	0.032979282	0.030856969	0	0	0.015448194	0.064645042	0	NA	0.000508396
Sample_s2B.bin_7	0.045365031	0.111910014	0	0	0.10049071	0.075391975	0	NA	0.082583518
Sample_s2c.bin_16	0.01501063	0.047867033	0	0.008840267	0.024785468	0.181427503	0	NA	0.105971489
Sample_s2c.bin_7	0.429990383	0.356447228	0	0.004000932	0.41654188	0.412201015	0	NA	3.2689E-05
Sample_s30B.bin_12	0.117938108	0.323077903	0.007863421	0.077134262	0.066189553	0.378153151	5.67718E-12	0.001250332	0.072339782
Sample_s30c.bin_8	0	0.006239534	0.340798544	0.662568471	0.035798178	0.026821378	0	NA	1.0085E-11
Sample_s31B.bin_10	0	0.007293171	0	0	0.003574963	0	0	NA	0.007586201
Sample_s31B.bin_11	0.020785944	0.07097138	0.009869026	0.025029979	0.030602133	0.07612202	1.94251E-14	0.549445762	0.662903515
Sample_s31B.bin_3	0.017965916	0.062535533	0	0	0.078887346	0.028087628	0	NA	0.277590699
Sample_s31B.bin_5	0.29358252	0.191144728	0.085821965	0.232929018	0.553362013	0.301948222	2.23763E-06	1.9203E-06	0.000111763
Sample_s31c.bin_11	0.019386708	0.014973593	0.275748917	0.240394091	0.038412527	0.035503597	4.01442E-23	0.003505117	0.002596896
Sample_s31c.bin_2	0	0.014090094	0.206692979	0.08569799	0.012800077	0.1474195	0	NA	0.368367141
Sample_s31c.bin_8	0.10015593	0.051646492	0.136402041	0.253785133	0	0	0	NA	0.245600104
Sample_s32c.bin_7	0.120224891	0.170874952	2.032675603	0.855210092	0.127386002	0.207513825	5.50667E-33	0.050443003	0.000729074
Sample_s33B.bin_11	0.039564798	0.185985985	0	0	0.037560893	0.014828679	0	NA	0.362358361
Sample_s33B.bin_18	0.010099588	0	0	0	0.319793122	0.100831536	0	NA	0.506616046
Sample_s33B.bin_23	0	0	0	0.010287298	0.007117764	0.014140375	0	NA	0.374377949
Sample_s33B.bin_9	0.273257932	0.159595549	0	0	0.297839674	0.639909256	0	NA	8.8558E-10
Sample_s34B.bin_17	0.037305115	0.353946275	0	0	0.045275568	0.152032175	0	NA	0.034865251
Sample_s34B.bin_19	0	0	0	0	0	0	0	NA	0.082174947
Sample_s34B.bin_2	0.612619297	0.541508525	0	0	0.118623419	0.2895244	0	NA	0.14988016
Sample_s34c.bin_4	0.131938079	0.269285243	1.093462386	0.996549799	0.120800372	0.370820025	2.57173E-25	0.047951535	0.04377643
Sample_s34c.bin_5	0.003038341	0.015181595	0.071983504	0.108885553	0	0	0	NA	0.029777194
Sample_s34c.bin_6	0.003015969	0.011015215	0.044300752	0.159353998	0.009262078	0.019113916	1.41603E-30	0.218933122	0.534195961
Sample_s35B.bin_8	0.331519622	0.193133718	0	0	0.269711727	0.35920732	0	NA	2.1828E-05
Sample_s35c.bin_2	0.008210229	0	0	0.106247921	0.013306736	0.00764017	0	NA	0.131248638
Sample_s35c.bin_10	0.036015308	0.018113753	0.011679383	0.097445812	0.037839757	0.016201528	1.45604E-34	0.093893942	0.180929378
Sample_s35c.bin_11	0	0.028659386	0	0.141980631	0.007072814	0.017447803	0	NA	0.652427755
Sample_s35c.bin_13	0.246101302	0.432383154	1.33943185	1.182068029	0.201257518	0.236463269	7.6823E-12	0.014411569	0.000783041
Sample_s35c.bin_15	0	0	0	0.239148144	0	0	0	NA	0.424838477
Sample_s35c.bin_16	0.03201385	0.02601766	0.008559071	0.141416474	0.014451091	0.007223267	8.2915E-38	0.150835753	0.441438395
Sample_s35c.bin_17	0.005815304	0.010749468	0.214968287	0.696241396	0.019341081	0.01178405	0	NA	5.45291E-05
Sample_s35c.bin_18	0	0	0.050914894	0.067211778	0	0	0	NA	0.000155518
Sample_s35c.bin_4	0.090789769	0.089687842	11.13327709	11.11278608	0.150564827	0.133587754	1.57802E-96	8.94925E-08	4.89873E-06
Sample_s35c.bin_8	0.177443271	0.156346403	0.825352319	0.92669772	0.128359926	0.174277342	1.01742E-41	1.24465E-05	6.10285E-10
Sample_s35c.bin_9	0.041291902	0.027166299	0.214419919	0.383184894	0.050779857	0.062215606	1.69936E-33	0.105705102	0.002051824
Sample_s36B.bin_12	0.017213435	0	0	0	0	0	0	NA	0.095392649
Sample_s36B.bin_7	0.008338405	0.009446633	0	0	0.016666702	0.008925215	0	NA	0.158087715
Sample_s36c.bin_4	2.127428265	2.479497681	6.641984807	5.175828522	1.960331793	1.190740549	1.16156E-07	0.040725853	0.038517684
Sample_s37B.bin_12	0.007367887	0.020025537	0.018698024	0	0.017514617	0.064479595	0	NA	0.600264222
Sample_s37B.bin_27	0.033315267	0.022580865	0.076195639	0	0.005700321	0.017667011	0	NA	0.097825116
Sample_s37B.bin_30	0.0062903	0.01380365	0	0	0.029611398	0	0	NA	5.41482E-09
Sample_s37c.bin_11	0.017405993	0.005829685	0.136266436	0.011987956	0.004138068	0.003592872	0	NA	0.929321259
Sample_s37c.bin_13	0.006136367	0.024196493	0.192233119	0.092386878	0.025648921	0.014355186	0	NA	0.281516373
Sample_s38B.bin_10	1.49892086	0.74499052	0	0	0.057951459	0.133398503	0	NA	0.029219577
Sample_s38B.bin_11	0	0	0	0	0	0.02218071	0	NA	0.630968711
Sample_s39B.bin_24	0.038134647	0.025734779	0	0	0.029759652	0.24485679	0	NA	0.135016695
Sample_s39c.bin_18	0.173021732	0.217237213	0.321222717	0.246001096	0.216989454	0.17213126	0.000237399	0.010838968	0.002286401
Sample_s39c.bin_4	0.148870066	0.133623698	0.360026733	0.226675442	0.136897676	0.106162983	1.01261E-06	4.00939E-08	1.5555E-08
Sample_s42B.bin_22	0.01961679	0.032713218	0	0	0	0.02169894	0	NA	0.502890311
Sample_s42c.bin_10	0.037395351	0	0.154798571	0	0.018667729	0	0	NA	0.344507503
Sample_s42c.bin_13	0.031716934	0.008221664	0.457901029	0.0463578	0	0.024489498	0	NA	0.827379582
Sample_s42c.bin_7	0.054220856	0.08243473	0.767416616	0.418052501	0.105765846	0.13065773	1.26344E-35	0.096758908	0.000564821
Sample_s45c.bin_3	0.58378039	0.392857724	2.1819267	1.818183807	0.24960644	0.259301329	4.32748E-39	0.001541263	9.05105E-05
Sample_s45c.bin_5	0.007021672	0.002684813	0.243436671	0.126177384	0.003293023	0.012423953	0	NA	0.030121966
Sample_s45c.bin_9	0.018898639	0.026455091	0.859403279	0.469299814	0.010602581	0.024345549	1.55454E-52	0.126005433	0.002515507
Sample_s46B.bin_1	2.828502835	2.664385166	0.00673189	0.028384172	3.010506511	1.780666623	2.54414E-15	1.39728E-13	2.16044E-07
Sample_s46c.bin_5	0.038533916	0.039964907	0.303013177	1.272772151	0.022960304	0.012010819	1.70668E-82	0.635288198	0.011804718
Sample_s46c.bin_7	0.235169452	0.149329515	0.139181457	0.154166266	0.315328	0.224262976	9.89635E-09	0.578139901	0.605326104
Sample_s48B.bin_12	0.028921607	0.015100681	0	0	0.092328575	0.044837299	0	NA	0.05322903
Sample_s48c.bin_12	0	0.002673646	0.3217846	0	0	0.067314238	0	NA	0.517576976
Sample_s48c.bin_1	0.094098328	0.083177413	3.190085914	5.621434556	0.065695116	0.074514937	4.4397E-127	0.009241495	1.87551E-06
Sample_s48c.bin_3	0.427150927	0.315090232	0.868962949	0.477565971	0.331769874	0.347664669	2.36221E-06	0.016719396	0.002118674
Sample_s49B.bin_12	0.00770391	0.01087339	0.194583671	0	0.088275123	0.013016244	0	NA	0.508555014
Sample_s49B.bin_2	0.17197878	0.166892391	0.02302408	0.044870389	0.26547957	0.248112118	1.9043E-12	3.50853E-09	4.63812E-06
Sample_s49B.bin_3	0.032317749	0.0452903	0.365133349	0.173326792	0.029913158	0.070299648	2.58187E-31	0.009026498	5.05142E-05
Sample_s49B.bin_9	0.005507923	0.006377515	0.639061996	0.364462599	0.010564454	0.018139283	1.23921E-35	0.01382372	0.000172637
Sample_s49c.bin_14	0.056399988	0.080160897	0	0	0.056882341	0.010541018	0	NA	0.013903241
Sample_s49c.bin_18	0.127506051	0.170345053	0.008028476	0.035114224	0.141963217	0.251019262	5.26854E-07	1.00659E-10	9.4293E-05
Sample_s49c.bin_1	0.179089188	0.275831177	0.237051988	0.091902507	0.390481085	0.220025496	2.7225E-05	0.529363157	0.545308897
Sample_s49c.bin_21	0	0.125611442	0	0	0	0	0	NA	0.277932523
Sample_s49c.bin_4	0.495213201	0.448038649	0	0	0.339013864	0.355509416	0	NA	2.98604E-08
Sample_s4B.bin_10	0.054930463	0.057322819	0	0	0.054523221	0.053121007	0	NA	0.594610705
Sample_s4B.bin_18	0.042385937	0.030708892	0.051398621	0.086671844	0.088728572	0.066559757	5.73538E-14	0.337431177	0.682892434
Sample_s4B.bin_1	0.061257123	0.060256601	0	0	0.115043934	0.073341551	0	NA	2.98143E-05
Sample_s4B.bin_27	0.133131797	0.265186687	0	0	0.169575867	0.290956757	0	NA	0.000833578
Sample_s4c.bin_1	0.320071596	0.413689801	0.196358172	0.124086087	0.369145294	0.509788386	8.62495E-07	0.01872726	0.003817852
Sample_s4c.bin_25	0.327847389	0.455547298	0.65355306	1.045740557	0.22733716	0.488918539	3.3046E-19	0.115378487	0.024306969
Sample_s50B.bin_9	0.23167549	0.106232351	0.047053214	0.045905296	0.276306247	0.038533956	2.64059E-11	0.326648806	0.17528227
Sample_s50c.bin_2	0.16592636	0.416628168	0	0	0.324461903	0.15273415	0	NA	0.44186303
Sample_s50c.bin_4	0.080515752	0.818587984	0	0	0.06234605	0.114743271	0	NA	0.005179734
Sample_s50c.bin_7	0.069505268	0.114342002	0	0	0.049605478	0.016000295	0	NA	0.431078153
Sample_s51B.bin_19	0.081454347	0.066768428	0	0	0.092871937	0.112639892	0	NA	0.000711022
Sample_s51B.bin_22	0.261331989	0.017612195	0	0	0.010511302	0	0	NA	0.17370108
Sample_s51B.bin_6	0.018984578	0.009840911	0	0.003650027	0.011091684	0.005594568	0	NA	0.702456264
Sample_s51c.bin_8	0	0.086682786	0	0	0	0	0	NA	0.32694389
Sample_s52B.bin_12	0.005179973	0.002367738	0	0.017368012	0.002720543	0.011833458	0	NA	0.726042593
Sample_s52B.bin_5	0.074235031	0.250727741	0	0.062539061	0.186116486	0.029508745	0	NA	0.615092024
Sample_s52c.bin_21	0	0.088593675	0	0	0	0	0	NA	0.779897872
Sample_s52c.bin_26	0.077196709	0.224986428	0.112099281	0.013722093	0.016373611	0.024816431	0	NA	0.494594222
Sample_s53c.bin_21	0.096274671	0.425624025	0.120930049	0.026853698	0.186425582	0.570283875	1.16612E-26	0.109892307	0.026439686
Sample_s53c.bin_27	0.022078552	0.042997099	0.042607657	0.021815731	0.05247155	0.005127665	6.31735E-11	0.216527068	0.610632606
Sample_s53c.bin_28	0.034868614	0.124530763	0	0	0.007588605	0.019435042	0	NA	0.073751359
Sample_s53c.bin_37	0.00379676	0.112720243	0	0	0	0.00604835	0	NA	0.603936692
Sample_s53c.bin_3	0.078126933	0.055664925	0.204280043	0	0.015948556	0	0	NA	0.541789266
Sample_s53c.bin_6	0.02585885	0.180194045	0	0	0.019514599	0	0	NA	0.268863308
Sample_s54B.bin_10	0.211555742	0.155452345	0.005551634	0.122300528	0.221504443	0.242270134	1.83927E-09	9.9671E-11	0.000747612
Sample_s54B.bin_19	0.029190977	0.064675001	0	0	0.041412727	0.004859086	0	NA	0.382684855
Sample_s54B.bin_1	0.14315455	0.058437006	0	0	0	0	0	NA	0.053693478
Sample_s54B.bin_23	0.018886754	0.09180112	0	0	0	0.055447714	0	NA	0.129017394
Sample_s54B.bin_26	0.073964983	0.069551572	0.016552122	0.023710069	0.102999552	0.093926413	9.02342E-15	0.009403794	0.027603688
Sample_s54B.bin_2	0.306388835	0.265897188	0	0	0.265925087	0.385575163	0	NA	2.88289E-06
Sample_s54B.bin_33	0.006283372	0.011447975	0.021479366	0.015229633	0.019812128	0	0	NA	0.6080438
Sample_s54c.bin_12	0.233814631	0.167257623	0	0.091130924	0.174552819	0.261673554	0	NA	3.71015E-07
Sample_s54c.bin_2	0.571666636	0.412770094	0.321450064	0.322676712	0.944461198	1.341092233	5.75645E-17	0.000132642	7.93839E-05
Sample_s55c.bin_11	0.310659619	0.260396924	0.09823811	0.089336226	0.279671555	0.298290369	0.000203469	0.01630461	0.011078457
Sample_s55c.bin_3	0.598450741	0.394612136	0.495047937	0.390613637	0.9810497	0.579070015	0.000108147	0.514702998	0.667157183
Sample_s55c.bin_5	0.141354449	0.072432088	0.16179282	0.081664012	0.083459781	0.038687259	1.21767E-09	0.607333409	0.554266362
Sample_s55c.bin_8	0.098145514	0.123722771	0	0	0.039437214	0.05775121	0	NA	5.17161E-07
Sample_s56B.bin_22	0.009371993	0.003094654	0.080580146	0.008556901	0.00360122	0	0	NA	0.291855517
Sample_s56B.bin_24	0	0.016515734	0	0	0	0.006496511	0	NA	0.851804241
Sample_s56B.bin_8	0.077770308	0.066946626	0.006376808	0	0.103800538	0.046467492	0	NA	0.018630001
Sample_s56c.bin_10	0.083283027	0.121302841	0.144096666	0.171744897	0.119576337	0.130178948	0.002964755	0.107388747	0.265858231
Sample_s56c.bin_1	0.454279435	0.488901909	0.041460664	0.01043766	0.55317013	0.481612493	7.36964E-14	6.24497E-08	1.96228E-09
Sample_s57B.bin_10	0.161493066	0.177515364	0.451789126	0.381366814	0.24371836	0.104328638	3.07162E-13	0.05460782	0.08332521
Sample_s57B.bin_17	0.067528111	0.111068158	0	0	0.012698179	0.068909858	0	NA	0.921926844
Sample_s57B.bin_19	0.048993654	0.069101581	0.025257191	0.020504456	0.049549082	0.03398987	1.49866E-08	0.321961951	0.194130736
Sample_s57B.bin_22	0.062887347	0.025869609	0	0	0.067377656	0.06852825	0	NA	0.469182806
Sample_s57c.bin_10	0.033438928	0.132616476	0	0	0.009578449	0.026011154	0	NA	0.642925626
Sample_s57c.bin_16	0	0.06173015	0	0	0.004861426	0.004029316	0	NA	0.329853507
Sample_s57c.bin_2	0.14602076	0.276639708	0	0	0.334588072	0.120119965	0	NA	0.315765693
Sample_s58B.bin_19	1.560014028	0.86856292	0	0	1.034832506	0.636522563	0	NA	0.051200008
Sample_s58B.bin_7	0.348680304	0.436291268	0.209006737	0.13941066	0.673001806	0.282677507	4.48371E-05	0.014010555	0.053392729
Sample_s58c.bin_1	0.932293101	0.726136871	0.09557925	0.614147946	1.434721511	0.615096419	0.001682447	0.055648088	0.565848934
Sample_s58c.bin_23	0.156562958	0.115417579	0.108621904	0.093894454	0.093845708	0.068765478	0.005220009	0.113271167	0.141354962
Sample_s58c.bin_9	0.084339427	0.018743153	0	0	0.003200486	0	0	NA	0.037034468
Sample_s60B.bin_13	0.144911446	0.060247692	0	0	0.349731	0.020476796	0	NA	0.106775801
Sample_s60B.bin_19	0	0.034825598	0	0	0.056992489	0	0	NA	0.788250041
Sample_s60B.bin_3	0.025943345	0.018860228	0.180513403	0.015873473	0.009838043	0.08092774	0	NA	0.489506928
Sample_s60B.bin_9	0.138728704	0.138560662	0	0	0.013503736	0.004616146	0	NA	0.096292263
Sample_s60c.bin_15	0.06207125	0	0	0	0	0	0	NA	0.530387151
Sample_s60c.bin_19	0.576879511	0.519094891	0	0.056450749	0.604275754	0.464945943	0	NA	3.37986E-08
Sample_s60c.bin_29	0.139877539	0.337182311	0	0	0	0.090623513	0	NA	0.329355773
Sample_s61B.bin_11	0.068558006	0.673126122	0	0.004597367	0.311975847	0.130663342	0	NA	0.025627908
Sample_s61B.bin_12	0.308684933	0.201558401	0.030319084	0.030280959	0.256531892	0.142943265	5.80535E-10	0.001727689	0.002386393
Sample_s61B.bin_27	0.025992619	0.014472187	0	0	0.043247329	0.046004341	0	NA	0.004393844
Sample_s61B.bin_6	0.376405553	0.024782268	0.473903104	0	0.01023927	0.036739979	0	NA	0.056406066
Sample_s61c.bin_20	0.04815032	0	0	0	0	0	0	NA	0.607990881
Sample_s61c.bin_21	0.118457762	0.354083151	0.091743083	0.045668633	0.131193511	0.184999452	1.21893E-21	0.581470185	0.797749996
Sample_s61c.bin_8	0.088265216	0.025412969	0	0	0	0	0	NA	0.853233245
Sample_s62B.bin_15	0.008394266	0	0	0.004367596	0	0	0	NA	0.301418206
Sample_s62B.bin_22	0.004525422	0	0	0	0	0	0	NA	0.710686579
Sample_s62B.bin_5	0.967239937	1.333659233	0	0.015917916	0.560553815	1.994981213	0	NA	0.000147355
Sample_s62c.bin_10	0.123142146	0.054537105	0	0	0.026551751	0.034340326	0	NA	0.311895271
Sample_s64B.bin_10	0.076380028	0.077068933	0	0	0.02856957	0	0	NA	0.03114731
Sample_s64B.bin_27	0.107942368	0.170916445	0	0	0.067890693	0.063160244	0	NA	0.044642022
Sample_s64c.bin_10	0.125934943	0.024299776	0.037800308	0.028754476	0.030244639	0.005513145	3.19706E-17	0.278983595	0.62407642
Sample_s64c.bin_2	0.214199287	0.519045695	0	0	0.838211792	0.750642131	0	NA	0.039272746
Sample_s64c.bin_7	0.086211747	0	0	0	0	0	0	NA	0.614186289
Sample_s65B.bin_2	8.428282227	6.058414203	0	0.349456289	7.314927522	4.67704835	0	NA	2.64203E-07
Sample_s65c.bin_10	0.180883765	0.141777191	0	0	0.136271328	0.141468811	0	NA	0.000448397
Sample_s65c.bin_12	0.054794664	0.004437775	0.009806244	0.013682377	0.016798276	0	0	NA	0.594300847
Sample_s65c.bin_5	0.34645987	0	0	0	0.011598927	0	0	NA	0.76888483
Sample_s65c.bin_7	0.086440636	0.136374474	0	0	0.077667258	0.023331299	0	NA	0.186151814
Sample_s66B.bin_7	0.030903901	0.002723853	0.033029459	0.011902175	0.023883591	0.023341043	8.97371E-46	0.000634867	0.000248835
Sample_s66c.bin_18	0.220493768	0.161125133	0.116107956	0.084185109	0.198421346	0.133764514	6.60458E-05	0.139779727	0.112473361
Sample_s66c.bin_22	0.27045909	0.221276487	0	0	0.103201505	0.105583246	0	NA	0.083713234
Sample_s66c.bin_7	0.146557294	0.20683449	0.029011091	0	0.055648901	0.059247838	0	NA	0.365692476
Sample_s6B.bin_11	0.033910847	0.019847463	0	0	0.058375511	0.021631128	0	NA	0.377802665
Sample_s6B.bin_17	0	0.00866689	0	0	0.037924156	0.014378604	0	NA	0.970633742
Sample_s6B.bin_24	0.025606108	0.006877608	0	0	0.015107589	0.034885331	0	NA	0.519555113
Sample_s6B.bin_4	0.032540043	0.067551398	0.081322148	0.05116105	0.037967039	0.159958944	4.51696E-39	0.040411117	0.003565536
Sample_s6c.bin_10	0.238022439	0.117467968	0.005911504	0.004526079	0.249972748	0.214752652	2.33111E-17	6.65841E-07	2.15356E-07
Sample_s6c.bin_3	0.021773875	0.044352287	0	0	0.042533859	0.289766863	0	NA	0.841359573
Sample_s6c.bin_4	0	0	0	0	0.130639526	0.065762356	0	NA	0.258672077
Sample_s71B.bin_22	0	0	0	0	0	0.034088733	0	NA	0.0705865
Sample_s71B.bin_2	1.72652858	1.146907443	0.044462953	0.357009364	1.4251358	1.621579009	5.65146E-17	6.08032E-11	1.55197E-11
Sample_s71B.bin_7	0.169103823	0.007114737	0.136728974	0.222217571	0	0.069147066	0	NA	0.078743096
Sample_s71B.bin_8	0.458115877	0.385645429	0	0	0.110848514	0.008880766	0	NA	0.048654669
Sample_s71B.bin_9	0.570340782	0.076847248	0.079796729	0	0.193903593	0.717646968	0	NA	0.046380266
Sample_s71C.bin_15	0.07136537	0.180108682	0	0	0.10589453	0.078711724	0	NA	0.032648671
Sample_s71C.bin_21	0	0.036286775	0	0	0	0	0	NA	0.779897872
Sample_s71C.bin_8	0.074486538	0.085060207	0	0	0.118773846	0.071248179	0	NA	0.082549091
Sample_s72B.bin_12	0	0.032812846	0	0	0	0	0	NA	0.378139468
Sample_s72B.bin_19	0.070084136	0.215553293	0.071718916	0.081977467	0.156430474	0.196713398	1.76563E-19	0.428798928	0.561383129
Sample_s73B.bin_11	0.030199869	0.072334095	0	0	0	0.005963502	0	NA	0.389598935
Sample_s73B.bin_20	0	0	0	0	0	0	0	NA	0.698300845
Sample_s73c.bin_4	0	0.129889818	0	0	0.050906291	0	0	NA	0.450872716
Sample_s73c.bin_5	0.07581151	0.208582068	0	0	0.063785834	0.036204877	0	NA	0.01113687
Sample_s73c.bin_9	0	0.043916258	0	0	0	0	0	NA	0.698300845
Sample_s74B.bin_12	0.00998864	0	0	0	0.025836948	0.11455842	0	NA	0.309017475
Sample_s74B.bin_15	0.025638718	0.044059045	0	0	0.038471871	0.030240657	0	NA	0.102786686
Sample_s74B.bin_27	0	0.023229841	0.017418716	0.006765263	0.058433143	0	0	NA	0.916129756
Sample_s74c.bin_20	0.111298404	0.033273879	0.012793579	0.165471984	0.017867256	0.123097911	0	NA	0.576770787
Sample_s74c.bin_28	0.032922115	0	0	0	0.007284117	0.004713388	0	NA	0.53582117
Sample_s74c.bin_7	0.204492931	0.152311706	0	0	0.135112438	0.004602202	0	NA	0.030827837
Sample_s74c.bin_8	0.164305319	0.186102484	0	0.009545536	0.123558254	0.269245252	0	NA	2.20011E-05
Sample_s75B.bin_21	0.004589729	0.011244875	0.010587704	0.025871003	0.026776482	0.005638249	3.38233E-25	0.804921979	0.515429381
Sample_s75c.bin_15	0.18027	0.013920433	0.029314886	0	0	0.005057298	0	NA	0.559694022
Sample_s76c.bin_12	0.197429463	0.030261605	0	0	0.098445978	0.049885567	0	NA	0.003159626
Sample_s76c.bin_6	0.579253923	0.278483624	0	0.067007128	0.557026154	0.599131198	0	NA	1.34714E-06
Sample_s7B.bin_2	1.64517792	2.0343058	0	0.008548981	2.476561533	2.287476334	0	NA	3.10964E-11
Sample_s7B.bin_7	0.159557595	0.049213217	0	0	0.104712906	0.015473141	0	NA	0.140416308
Sample_s7c.bin_10	0.037596567	0.04555627	0	0	0.035024234	0.113111403	0	NA	0.112733732
Sample_s7c.bin_2	0.093380102	0.260089036	0	0	0.054456859	0.121144795	0	NA	0.024481437
Sample_s8B.bin_10	0	0	0	0	0	0.011698463	0	NA	0.374338804
Sample_s8B.bin_2	0.939882308	0.527901633	0	0.553124111	0.664794928	0.724169273	0	NA	0.01885127
Sample_s8B.bin_6	0.83274023	1.451944117	0	0	0.743467991	0.598796603	0	NA	0.026781568
Sample_s8B.bin_8	0.03361778	0.01022196	0	0	0.04467861	0.054944526	0	NA	0.140065846
Sample_s8c.bin_20	0.044631755	0.149298163	0.010679434	0.00940596	0.004994112	0.127025575	0	NA	0.58943492
Sample_s8c.bin_25	0	0.005066201	0	0	0.032239459	0.060396604	0	NA	0.469614279
Sample_s9B.bin_13	0.034511865	0.029178477	0	0	0.009817255	0.095319115	0	NA	0.118059881
Sample_s9c.bin_19	0.517173762	0.458677531	0.089024636	0.147724559	0.432090412	0.432692401	1.29789E-05	0.000180407	4.20491E-06
Sample_s9c.bin_21	0.4116684	0.439530892	0.900814283	0.893476384	0.37378068	0.704166078	2.97475E-15	0.003567317	0.008679944
Sample_s9c.bin_2	0.021075371	0.010813202	0.007873424	0.091963302	0.028294614	0.149685738	1.42766E-18	0.419508305	0.638413507
Sample_s9c.bin_4	0.447165573	0.387124436	0	0	0.359489633	0.4327764	0	NA	0.340734343
Sample_s9c.bin_5	0.04164381	0.02455413	0.128123096	0.08027975	0.066726521	0.1338813	4.40255E-56	0.456207664	0.863464887
Sample_s9c.bin_7	0.01649092	0.007801286	0	0	0.045244409	0.106762438	0	NA	0.396941779
