Group	K03073	K03234	K18122	K23352	K19449	K18979	K16899	K13587	K08679	K07106	K06320	K01599
Blank control_30	0.000482436	0.000136755	0.000124433	0.000217122	0.000269816	0.000492548	0.00039613	6.69E-05	0.000139967	0.000263257	6.55E-05	0.000184181
Blank control_30	0.000483561	0.00019746	7.76E-05	0.000231683	9.98E-05	0.000384572	0.000435922	0.000149707	0.000247812	0.000217646	0.000203204	0.000159241
Blank control_30	0.000535649	0.000135437	0.000157832	0.000247582	0.00021736	0.000384702	0.000393522	8.69E-05	0.000157948	0.000119221	0.000108785	0.000166355
Blank control_30	0.000582952	0.000150727	0.000222608	0.000268665	0.000225916	0.000441278	0.000436519	9.57E-05	0.000153844	0.000116003	0.000167655	0.000152294
Blank control_30	0.0005656	0.00013747	0.000249651	0.00021714	0.000277284	0.000550173	0.000384501	9.12E-05	0.000118685	0.000109456	3.07E-05	0.000175603
Blank control_30	0.000538786	0.000162577	0.000178867	0.000261931	0.000205327	0.000471094	0.000464785	0.000112382	0.000168895	0.000159143	9.97E-05	0.000239679
Blank control_30	0.00049041	0.0001294	0.000148562	0.000234909	0.000168143	0.000445112	0.000466883	0.000208307	0.000168926	0.000205313	4.84E-05	0.000121442
Blank control_30	0.000516356	0.000189047	0.0001023	0.000151819	0.000232283	0.00041687	0.000391555	0.000136871	0.000178806	0.000186421	0.000123628	0.000151576
Blank control_30	0.000489585	0.000246904	0.000175295	0.000250316	0.00018418	0.000391938	0.000631022	0.000147099	0.000127289	0.000240452	0.000160441	0.000116868
Blank control_30	0.00051004	0.000189078	0.000128549	0.000213251	0.000172092	0.000345665	0.000498592	7.89E-05	0.000119766	0.000207762	0.00011013	0.000242124
Blank control_30	0.000626505	0.000257882	0.000135567	0.00031101	0.000206544	0.000385864	0.000476294	4.54E-05	0.000165248	0.000178859	0.00014554	0.000170061
Blank control_30	0.000552494	0.000176863	0.000179358	0.000275724	0.000191582	0.000304475	0.000487131	0.000110899	0.000143116	0.000102115	9.61E-05	0.000123097
Positive control_30	0.000585217	0.000113582	0.00010473	0.000133031	0.000231275	0.000451225	0.000321583	0.000125969	0.000135263	0.000214006	3.34E-05	0.000134607
Positive control_30	0.000540761	8.46E-05	0.00010715	0.000139393	0.000235924	0.000557892	0.000271211	0.000126237	0.000123607	0.000170229	3.59E-05	0.000121867
Positive control_30	0.000569955	0.000136169	0.000141831	0.000220933	0.000295307	0.000424561	0.000459839	9.69E-05	0.000121016	0.000224321	9.59E-05	0.000138315
Positive control_30	0.000573216	0.000124376	0.000134981	0.000173926	0.000263649	0.000550109	0.000299134	0.000119379	0.000132986	0.000168325	6.20E-05	0.000124904
Positive control_30	0.000585902	0.000110255	0.000121784	0.00019299	0.000220162	0.00037552	0.000389403	0.000147048	0.000146347	0.000161637	7.34E-05	0.000206592
Positive control_30	0.000595923	0.000135718	0.00022769	0.00038902	0.000181416	0.00044754	0.000549189	7.25E-05	0.000126568	8.88E-05	0.000172789	0.000123662
Positive control_30	0.000562713	0.000125162	0.000194482	0.00016773	0.000314392	0.000432961	0.000457083	0.000105812	0.000159219	0.000170585	2.93E-05	0.000154052
Positive control_30	0.000590295	0.000115676	0.000136345	0.000160888	0.000103851	0.000458983	0.000375597	0.000101823	0.000116173	0.000139803	4.77E-05	0.00016462
Positive control_30	0.00055124	0.000148735	0.000160481	0.00021602	0.000219621	0.00054538	0.000395513	6.42E-05	0.000138821	0.000179577	0.000104208	0.000147945
Positive control_30	0.000569495	0.000103296	0.000135617	0.000241744	0.000261487	0.000467281	0.000485437	8.79E-05	0.000127173	0.000135218	4.61E-05	0.000157102
Probio-M9 pophylaxis_30	0.000488317	0.00016905	3.84E-05	0.000106081	0.000119406	0.000362459	0.000404443	0.000148634	0.000205681	0.000381712	8.45E-05	0.000219444
Probio-M9 pophylaxis_30	0.00059121	0.000200961	0.000204159	0.000149843	0.000134131	0.000307357	0.000562265	0.000127344	0.000158868	0.000227386	5.50E-05	0.000181564
Probio-M9 pophylaxis_30	0.000511667	0.000187415	0.000139255	0.000182158	0.000148549	0.000369748	0.000383367	0.000129727	0.000138926	0.000188546	6.77E-05	0.000201711
Probio-M9 pophylaxis_30	0.000589941	0.000148	0.000133456	0.000223574	0.000179982	0.00039854	0.00043264	0.000177103	0.000173029	0.000288827	7.09E-05	0.000167734
Probio-M9 pophylaxis_30	0.000583181	0.000199896	0.000161856	0.000251097	0.000140662	0.000424073	0.000439439	0.000143501	0.000131761	0.000188818	8.74E-05	0.000191477
Probio-M9 pophylaxis_30	0.000584398	0.000118168	0.000187072	0.000226345	0.000221963	0.000443411	0.000427474	0.000117274	0.000133191	0.000178421	4.94E-05	0.000171984
Probio-M9 pophylaxis_30	0.000546461	0.000188057	9.05E-05	0.00020675	0.000176004	0.000301449	0.000417367	0.000235876	0.000142188	0.000198751	0.000126779	0.000212287
Probio-M9 pophylaxis_30	0.000565235	0.000120638	8.69E-05	0.000130852	0.000161563	0.000452939	0.00031116	0.000117472	0.0001293	0.000201989	6.87E-05	0.000141234
Probio-M9 treatment_30	0.000481389	0.00019932	0.000133189	0.000147018	0.000157961	0.000459723	0.000457349	0.000155653	0.000173961	0.000282546	4.23E-05	0.000239188
Probio-M9 treatment_30	0.000530411	9.97E-05	0.00014579	0.000203418	0.000317129	0.000507431	0.000386856	0.000114575	0.000147206	0.000142094	6.79E-05	0.000180926
Probio-M9 treatment_30	0.000554682	0.000105852	0.000200885	0.000232478	0.00022601	0.000482707	0.00037163	0.000113462	0.000160916	0.000190608	7.79E-05	9.68E-05
Probio-M9 treatment_30	0.000562666	0.000114947	0.000169901	0.000230353	0.000293	0.000504365	0.00038603	0.000110946	0.000156144	0.00016664	4.35E-05	0.000186608
Probio-M9 treatment_30	0.000539302	0.000135847	0.000152989	0.000197378	0.000256359	0.000486902	0.000343957	6.63E-05	0.00018131	0.000117078	5.67E-05	0.000152992
Probio-M9 treatment_30	0.000547432	0.000211384	0.000190484	0.000250144	0.00016433	0.000466212	0.000496418	0.000132615	0.000146277	0.000247999	4.73E-05	0.000148137
Probio-M9 treatment_30	0.00056262	0.000147164	6.85E-05	0.000147624	0.000142417	0.000257973	0.000343557	0.000222744	0.000195523	0.000234917	0.000150562	0.000232175
Probio-M9 treatment_30	0.000539694	0.000207004	0.000177572	0.000261968	0.000201725	0.00036633	0.000549514	0.000120779	0.000165782	0.000240595	0.000109989	0.000134736
Probio-M9 treatment_30	0.00051986	0.000166879	0.000152213	0.000219355	0.000220565	0.000423697	0.000500553	0.000102158	0.000157206	0.000191355	0.000151247	0.000210503
Antibiotic_30	0.00040183	6.46E-05	6.07E-05	6.92E-05	4.77E-05	0.000265936	0.000360113	0.000178743	7.40E-05	0.000229377	5.50E-05	0.000508224
Antibiotic_30	0.000535964	0.000102124	4.61E-05	7.06E-05	0.000135746	0.000266522	0.000342911	6.78E-05	3.49E-05	0.000266269	2.43E-05	0.000385638
Antibiotic_30	0.000396256	0.000128984	7.68E-05	9.08E-05	0.000101587	0.000211767	0.000347123	0.000164492	7.84E-05	0.000219208	7.28E-05	0.000592145
Antibiotic_30	0.000425714	7.47E-05	8.23E-05	0.00010721	9.20E-05	0.000417922	0.000307151	0.000114927	6.77E-05	0.00023556	7.55E-05	0.000406679
Antibiotic_30	0.000464405	5.38E-05	7.82E-05	9.31E-05	9.46E-05	0.000396207	0.000332608	0.000162341	8.74E-05	0.00018371	7.87E-05	0.000299721
Antibiotic_30	0.000446344	9.94E-05	6.43E-05	9.05E-05	8.50E-05	0.000346819	0.000345331	0.000187712	5.77E-05	0.000219837	7.35E-05	0.000363648
Antibiotic_30	0.000540843	9.01E-05	5.92E-05	6.98E-05	0.000112502	0.000326891	0.000320231	0.00016978	7.05E-05	0.000258781	7.82E-05	0.000440731
Antibiotic_30	0.000471372	0.000101334	4.09E-05	7.11E-05	0.000107777	0.000336699	0.000381817	0.000287592	5.49E-05	0.000243538	2.99E-05	0.000288134
Antibiotic_30	0.000419569	7.33E-05	7.57E-05	8.95E-05	0.000100418	0.000303056	0.000316703	0.000170637	6.88E-05	0.000195892	6.06E-05	0.00041601
Antibiotic+Probio-M9_30	0.000448774	8.36E-05	9.78E-05	7.99E-05	8.52E-05	0.00036083	0.000362287	0.000163537	5.92E-05	0.000229152	8.59E-05	0.000228089
Antibiotic+Probio-M9_30	0.000395871	7.13E-05	8.06E-05	0.00011935	4.92E-05	0.000319391	0.000349621	0.000130947	9.19E-05	0.000233202	9.20E-05	0.000428939
Antibiotic+Probio-M9_30	0.000489842	0.000104991	8.51E-05	9.73E-05	8.80E-05	0.000230172	0.00041947	0.000216766	5.58E-05	0.000182178	0.000144523	0.000378551
Antibiotic+Probio-M9_30	0.000469261	9.71E-05	0.000135761	0.000116671	5.09E-05	0.000233748	0.000414894	0.000134862	0.000161964	0.000259228	0.000116876	0.000476401
Antibiotic+Probio-M9_30	0.000442263	9.86E-05	9.76E-05	0.000121074	8.88E-05	0.000338144	0.000393159	0.000151894	6.09E-05	0.000225694	0.000119378	0.00038223
Antibiotic+Probio-M9_30	0.000421053	7.39E-05	7.88E-05	0.000112132	8.81E-05	0.000296869	0.000429375	0.000226375	5.40E-05	0.000287863	6.38E-05	0.000456647
Antibiotic+Probio-M9_30	0.000494521	7.98E-05	7.27E-05	0.000119902	7.66E-05	0.000329674	0.000351293	0.000182084	6.72E-05	0.000179182	8.52E-05	0.000374366